0 675 105 0 0
0 6773 175 0 2
1 6773 203 0 3
2 6773 169 0 3
3 6773 176 0 21
4 6773 170 0 3
5 6773 176 0 3
6 6773 183 0 3
7 6773 177 0 4
8 6773 175 0 3
9 6773 176 0 3
0 629 49 0 0
1 629 43 0 0
2 629 108 0 0
3 629 108 0 0
4 629 109 0 0
5 629 107 0 0
6 629 50 0 0
7 629 37 0 0
8 629 52 0 0
9 629 29 0 0
0 6773 175 0 4
1 6773 203 0 4
2 6773 169 0 4
3 6773 176 0 4
4 6773 170 0 4
5 6773 176 0 4
6 6773 183 0 4
7 6773 177 0 4
8 6773 175 0 4
9 6773 176 0 4
0 675 104 0 0
1 675 105 0 0
0 629 49 0 0
1 629 43 0 0
2 629 108 0 0
3 629 108 0 0
4 629 109 0 0
5 629 107 0 0
6 629 50 0 0
7 629 37 0 0
8 629 52 0 0
9 629 29 0 0
0 27686 176 0 2
1 27686 169 0 2
2 27686 159 0 2
3 27686 165 0 3
4 27686 169 0 3
5 27686 170 0 2
6 27686 162 0 2
7 27686 161 0 2
8 27686 186 0 3
9 27686 164 0 2
0 27686 176 0 2
1 27686 169 0 2
2 27686 159 0 3
3 27686 165 0 2
4 27686 169 0 2
5 27686 170 0 3
6 27686 162 0 3
7 27686 161 0 2
8 27686 186 0 3
9 27686 164 0 2
0 19982859 2986 116 1383
1 19982934 2843 169 1537
2 19982874 2983 185 1405
3 19982859 3048 185 1561
4 19982934 3033 177 1538
5 19982860 2845 163 1472
6 19982949 2828 176 1496
7 19982859 2564 161 1199
8 19982934 2777 146 4885
9 19982859 3027 154 1495
